withcap,pour,beg,ml
0,0,0,0,211,973,1641,2320,2930,3703,4312
0,0,0,100,223,1008,1711,2432,3059,3855
0,0,0,200,246,1072,1828,2537,3328,4113
0,0,0,300,267,1154,1957,2795,3609
0,0,0,400,296,1263,2130,3070,3867
0,0,0,500,343,1412,2391
0,0,0,600,388,1617,2713,3820
0,0,0,700,497,1904
0,0,0,800,675,2484
0,0,0,900,1269
0,1,0,100,209,967,1611,2303
0,1,1,100,219,999,1717,2396
0,1,0,200,223,1008,1723,2408,3105
0,1,1,200,232,1058,1816,2566,3375
0,1,0,300,245,1069,1822,2572,3328
0,1,1,300,264,1154,1969,2760,3621
0,1,0,400,264,1160,1975,2801,3562
0,1,1,400,290,1266,2145,2988,3879
0,1,0,500,296,1260,2174
0,1,1,500,333,1383,2367
0,1,0,600,335,1363,2355
0,1,1,600,396,1588,2672
0,1,0,700,398,1588,2771
0,1,1,700,495,1957,3234
0,1,0,800,494,1922
0,1,1,800,681,2514
0,1,0,900,675
0,1,1,900,1198
1,0,0,0,794,1295,1775,2297,2824,3352,3902,4380
1,0,0,100,800,1345,1869,2400,2936,3480,4066,4550
1,0,0,200,850,1403,1960,2515,3070,3680,4254
1,0,0,300,896,1485,2074,2672,3270,3821,4450
1,0,0,400,967,1570,2197,2865,3504,4148
1,0,0,500,1022,1693,2379,3059,3750,4450
1,0,0,600,1110,1822,2613,3352,4102
1,0,0,700,1233,2062,2906,3750
1,0,0,800,1436,2438,3434
1,0,0,900,1875,3199
1,1,0,200,776,1286,1799,2314
1,1,1,200,850,1409,1986,2543,3105
1,1,0,400,823,1400,1963,2543,3105,3691
1,1,1,400,938,1570,2215,2877,3539,4207
1,1,0,600,935,1564,2215,2883,3504
1,1,1,600,1104,1846,2643,3340
1,1,0,800,1104,1852,2637,3363
1,1,1,800,1468,2496,3645
1,1,0,900,1477,2490
1,1,1,900,1963,3480
